
(29075)_1950_DA:
name:1950,
discoverer:Carl_A._Wirtanen,
discovered:1950-02-23,
epoch:2011,
perihelion:0.83529,
aphelion:2.5618,
period:6.9862176E7,
avgSpeed:21.3,
mass:>4 kg,
density:>3.5 g/cm³,
rotation:7637.76,
absMagnitude:17.1,17.55,
albedo:0.07,