
65_Cybele:
name:65,
discoverer:Wilhelm_Tempel,
discovered:1861-03-08,
epoch:2006-12-31,
perihelion:459.654,
aphelion:567.544,
period:2.007522144E8,
avgSpeed:16.03,
mass:1.78,
escapeVelocity:0.1255,
rotation:14547.600000000002,
magnitude:10.67,
absMagnitude:6.62,
albedo:0.05,0.071,
singleTemperature:~150 K,